Running test ./fact.p
LEXER/PARSER STATUS:scanning and parsing is finished

Lexeme Table:
lexeme		token type
var        		29
f          		 2
,          		17
n          		 2
;          		18
procedure  		30
fact       		 2
;          		18
var        		29
ans1       		 2
;          		18
begin      		21
ans1       		 2
:=         		20
n          		 2
;          		18
n          		 2
:=         		20
n          		 2
-          		 5
1          		 3
;          		18
if         		23
n          		 2
=          		 9
0          		 3
then       		24
f          		 2
:=         		20
1          		 3
;          		18
if         		23
n          		 2
>          		13
0          		 3
then       		24
call       		27
fact       		 2
;          		18
f          		 2
:=         		20
f          		 2
*          		 6
ans1       		 2
;          		18
end        		22
;          		18
begin      		21
n          		 2
:=         		20
3          		 3
;          		18
call       		27
fact       		 2
;          		18
write      		31
f          		 2
end        		22
.          		19

Assembly Output
0 inc 0 0 2
1 jmp 0 0 27
2 jmp 0 0 3
3 inc 0 0 4
4 inc 0 0 1
5 lod 1 1 1
6 sto 1 0 4
7 lod 2 1 1
8 lit 3 0 1
9 sub 4 2 3
10 sto 4 1 1
11 lod 5 1 1
12 lit 6 0 0
13 eql 7 5 6
14 jpc 7 0 17
15 lit 0 0 1
16 sto 0 1 0
17 lod 1 1 1
18 lit 2 0 0
19 gtr 3 1 2
20 jpc 3 0 22
21 cal 0 1 2
22 lod 4 1 0
23 lod 5 0 4
24 mul 6 4 5
25 sto 6 1 0
26 rtn 0 0 0
27 lit 7 0 3
28 sto 7 0 1
29 cal 0 0 2
30 lod 0 0 0
31 sio 0 0 1
32 sio 0 0 3

GEN STATUS: finished writing to assembly.code
Virtual Machine Trace:
ins  op   r   l   m      pc  bp  sp   stack values
  0 inc   0   0   2       1   1   2   0  0  0 
  1 jmp   0   0  27      27   1   2   0  0  0 
 27 lit   7   0   3      28   1   2   0  0  0 
 28 sto   7   0   1      29   1   2   0  0  3 
 29 cal   0   0   2       2   3   2   0  0  3 
  2 jmp   0   0   3       3   3   2   0  0  3 
  3 inc   0   0   4       4   3   6   0  0  3 |  0  1  1 30 
  4 inc   0   0   1       5   3   7   0  0  3 |  0  1  1 30  0 
  5 lod   1   1   1       6   3   7   0  0  3 |  0  1  1 30  0 
  6 sto   1   0   4       7   3   7   0  0  3 |  0  1  1 30  3 
  7 lod   2   1   1       8   3   7   0  0  3 |  0  1  1 30  3 
  8 lit   3   0   1       9   3   7   0  0  3 |  0  1  1 30  3 
  9 sub   4   2   3      10   3   7   0  0  3 |  0  1  1 30  3 
 10 sto   4   1   1      11   3   7   0  0  2 |  0  1  1 30  3 
 11 lod   5   1   1      12   3   7   0  0  2 |  0  1  1 30  3 
 12 lit   6   0   0      13   3   7   0  0  2 |  0  1  1 30  3 
 13 eql   7   5   6      14   3   7   0  0  2 |  0  1  1 30  3 
 14 jpc   7   0  17      17   3   7   0  0  2 |  0  1  1 30  3 
 17 lod   1   1   1      18   3   7   0  0  2 |  0  1  1 30  3 
 18 lit   2   0   0      19   3   7   0  0  2 |  0  1  1 30  3 
 19 gtr   3   1   2      20   3   7   0  0  2 |  0  1  1 30  3 
 20 jpc   3   0  22      21   3   7   0  0  2 |  0  1  1 30  3 
 21 cal   0   1   2       2   8   7   0  0  2 |  0  1  1 30  3 
  2 jmp   0   0   3       3   8   7   0  0  2 |  0  1  1 30  3 
  3 inc   0   0   4       4   8  11   0  0  2 |  0  1  1 30  3 |  0  1  3 22 
  4 inc   0   0   1       5   8  12   0  0  2 |  0  1  1 30  3 |  0  1  3 22  0 
  5 lod   1   1   1       6   8  12   0  0  2 |  0  1  1 30  3 |  0  1  3 22  0 
  6 sto   1   0   4       7   8  12   0  0  2 |  0  1  1 30  3 |  0  1  3 22  2 
  7 lod   2   1   1       8   8  12   0  0  2 |  0  1  1 30  3 |  0  1  3 22  2 
  8 lit   3   0   1       9   8  12   0  0  2 |  0  1  1 30  3 |  0  1  3 22  2 
  9 sub   4   2   3      10   8  12   0  0  2 |  0  1  1 30  3 |  0  1  3 22  2 
 10 sto   4   1   1      11   8  12   0  0  1 |  0  1  1 30  3 |  0  1  3 22  2 
 11 lod   5   1   1      12   8  12   0  0  1 |  0  1  1 30  3 |  0  1  3 22  2 
 12 lit   6   0   0      13   8  12   0  0  1 |  0  1  1 30  3 |  0  1  3 22  2 
 13 eql   7   5   6      14   8  12   0  0  1 |  0  1  1 30  3 |  0  1  3 22  2 
 14 jpc   7   0  17      17   8  12   0  0  1 |  0  1  1 30  3 |  0  1  3 22  2 
 17 lod   1   1   1      18   8  12   0  0  1 |  0  1  1 30  3 |  0  1  3 22  2 
 18 lit   2   0   0      19   8  12   0  0  1 |  0  1  1 30  3 |  0  1  3 22  2 
 19 gtr   3   1   2      20   8  12   0  0  1 |  0  1  1 30  3 |  0  1  3 22  2 
 20 jpc   3   0  22      21   8  12   0  0  1 |  0  1  1 30  3 |  0  1  3 22  2 
 21 cal   0   1   2       2  13  12   0  0  1 |  0  1  1 30  3 |  0  1  3 22  2 
  2 jmp   0   0   3       3  13  12   0  0  1 |  0  1  1 30  3 |  0  1  3 22  2 
  3 inc   0   0   4       4  13  16   0  0  1 |  0  1  1 30  3 |  0  1  3 22  2 |  0  1  8 22 
  4 inc   0   0   1       5  13  17   0  0  1 |  0  1  1 30  3 |  0  1  3 22  2 |  0  1  8 22  0 
  5 lod   1   1   1       6  13  17   0  0  1 |  0  1  1 30  3 |  0  1  3 22  2 |  0  1  8 22  0 
  6 sto   1   0   4       7  13  17   0  0  1 |  0  1  1 30  3 |  0  1  3 22  2 |  0  1  8 22  1 
  7 lod   2   1   1       8  13  17   0  0  1 |  0  1  1 30  3 |  0  1  3 22  2 |  0  1  8 22  1 
  8 lit   3   0   1       9  13  17   0  0  1 |  0  1  1 30  3 |  0  1  3 22  2 |  0  1  8 22  1 
  9 sub   4   2   3      10  13  17   0  0  1 |  0  1  1 30  3 |  0  1  3 22  2 |  0  1  8 22  1 
 10 sto   4   1   1      11  13  17   0  0  0 |  0  1  1 30  3 |  0  1  3 22  2 |  0  1  8 22  1 
 11 lod   5   1   1      12  13  17   0  0  0 |  0  1  1 30  3 |  0  1  3 22  2 |  0  1  8 22  1 
 12 lit   6   0   0      13  13  17   0  0  0 |  0  1  1 30  3 |  0  1  3 22  2 |  0  1  8 22  1 
 13 eql   7   5   6      14  13  17   0  0  0 |  0  1  1 30  3 |  0  1  3 22  2 |  0  1  8 22  1 
 14 jpc   7   0  17      15  13  17   0  0  0 |  0  1  1 30  3 |  0  1  3 22  2 |  0  1  8 22  1 
 15 lit   0   0   1      16  13  17   0  0  0 |  0  1  1 30  3 |  0  1  3 22  2 |  0  1  8 22  1 
 16 sto   0   1   0      17  13  17   0  1  0 |  0  1  1 30  3 |  0  1  3 22  2 |  0  1  8 22  1 
 17 lod   1   1   1      18  13  17   0  1  0 |  0  1  1 30  3 |  0  1  3 22  2 |  0  1  8 22  1 
 18 lit   2   0   0      19  13  17   0  1  0 |  0  1  1 30  3 |  0  1  3 22  2 |  0  1  8 22  1 
 19 gtr   3   1   2      20  13  17   0  1  0 |  0  1  1 30  3 |  0  1  3 22  2 |  0  1  8 22  1 
 20 jpc   3   0  22      22  13  17   0  1  0 |  0  1  1 30  3 |  0  1  3 22  2 |  0  1  8 22  1 
 22 lod   4   1   0      23  13  17   0  1  0 |  0  1  1 30  3 |  0  1  3 22  2 |  0  1  8 22  1 
 23 lod   5   0   4      24  13  17   0  1  0 |  0  1  1 30  3 |  0  1  3 22  2 |  0  1  8 22  1 
 24 mul   6   4   5      25  13  17   0  1  0 |  0  1  1 30  3 |  0  1  3 22  2 |  0  1  8 22  1 
 25 sto   6   1   0      26  13  17   0  1  0 |  0  1  1 30  3 |  0  1  3 22  2 |  0  1  8 22  1 
 26 rtn   0   0   0      22   8  12   0  1  0 |  0  1  1 30  3 |  0  1  3 22  2 
 22 lod   4   1   0      23   8  12   0  1  0 |  0  1  1 30  3 |  0  1  3 22  2 
 23 lod   5   0   4      24   8  12   0  1  0 |  0  1  1 30  3 |  0  1  3 22  2 
 24 mul   6   4   5      25   8  12   0  1  0 |  0  1  1 30  3 |  0  1  3 22  2 
 25 sto   6   1   0      26   8  12   0  2  0 |  0  1  1 30  3 |  0  1  3 22  2 
 26 rtn   0   0   0      22   3   7   0  2  0 |  0  1  1 30  3 
 22 lod   4   1   0      23   3   7   0  2  0 |  0  1  1 30  3 
 23 lod   5   0   4      24   3   7   0  2  0 |  0  1  1 30  3 
 24 mul   6   4   5      25   3   7   0  2  0 |  0  1  1 30  3 
 25 sto   6   1   0      26   3   7   0  6  0 |  0  1  1 30  3 
 26 rtn   0   0   0      30   1   2   0  6  0 
 30 lod   0   0   0      31   1   2   0  6  0 
 VM_OP_SIO > REG[0] = 6
 31 sio   0   0   1      32   1   2   0  6  0 
 32 sio   0   0   3      32   1   2   0  6  0 
VM STATUS: VM has finished
Running test ./nested.p
LEXER/PARSER STATUS:scanning and parsing is finished

Lexeme Table:
lexeme		token type
var        		29
x          		 2
,          		17
y          		 2
,          		17
z          		 2
,          		17
v          		 2
,          		17
w          		 2
;          		18
procedure  		30
a          		 2
;          		18
var        		29
x          		 2
,          		17
y          		 2
,          		17
u          		 2
,          		17
v          		 2
;          		18
procedure  		30
b          		 2
;          		18
var        		29
y          		 2
,          		17
z          		 2
,          		17
v          		 2
;          		18
procedure  		30
c          		 2
;          		18
var        		29
y          		 2
,          		17
z          		 2
;          		18
begin      		21
z          		 2
:=         		20
1          		 3
;          		18
x          		 2
:=         		20
y          		 2
+          		 4
z          		 2
+          		 4
w          		 2
end        		22
;          		18
begin      		21
y          		 2
:=         		20
x          		 2
+          		 4
u          		 2
+          		 4
w          		 2
;          		18
call       		27
c          		 2
end        		22
;          		18
begin      		21
z          		 2
:=         		20
2          		 3
;          		18
u          		 2
:=         		20
z          		 2
+          		 4
w          		 2
;          		18
call       		27
b          		 2
end        		22
;          		18
begin      		21
x          		 2
:=         		20
1          		 3
;          		18
y          		 2
:=         		20
2          		 3
;          		18
z          		 2
:=         		20
3          		 3
;          		18
v          		 2
:=         		20
4          		 3
;          		18
w          		 2
:=         		20
5          		 3
;          		18
x          		 2
:=         		20
v          		 2
+          		 4
w          		 2
;          		18
write      		31
z          		 2
;          		18
call       		27
a          		 2
end        		22
.          		19

Assembly Output
0 inc 0 0 5
1 jmp 0 0 38
2 jmp 0 0 3
3 inc 0 0 4
4 inc 0 0 4
5 jmp 0 0 30
6 jmp 0 0 7
7 inc 0 0 4
8 inc 0 0 3
9 jmp 0 0 22
10 jmp 0 0 11
11 inc 0 0 4
12 inc 0 0 2
13 lit 1 0 1
14 sto 1 0 5
15 lod 2 0 4
16 lod 3 0 5
17 add 4 2 3
18 lod 5 3 4
19 add 6 4 5
20 sto 6 2 4
21 rtn 0 0 0
22 lod 7 1 4
23 lod 0 1 6
24 add 1 7 0
25 lod 2 2 4
26 add 3 1 2
27 sto 3 0 4
28 cal 0 2 10
29 rtn 0 0 0
30 lit 4 0 2
31 sto 4 1 2
32 lod 5 1 2
33 lod 6 1 4
34 add 7 5 6
35 sto 7 0 6
36 cal 0 1 6
37 rtn 0 0 0
38 lit 0 0 1
39 sto 0 0 0
40 lit 1 0 2
41 sto 1 0 1
42 lit 2 0 3
43 sto 2 0 2
44 lit 3 0 4
45 sto 3 0 3
46 lit 4 0 5
47 sto 4 0 4
48 lod 5 0 3
49 lod 6 0 4
50 add 7 5 6
51 sto 7 0 0
52 lod 0 0 2
53 sio 0 0 1
54 cal 0 0 2
55 sio 0 0 3

GEN STATUS: finished writing to assembly.code
Virtual Machine Trace:
ins  op   r   l   m      pc  bp  sp   stack values
  0 inc   0   0   5       1   1   5   0  0  0  0  0  0 
  1 jmp   0   0  38      38   1   5   0  0  0  0  0  0 
 38 lit   0   0   1      39   1   5   0  0  0  0  0  0 
 39 sto   0   0   0      40   1   5   0  1  0  0  0  0 
 40 lit   1   0   2      41   1   5   0  1  0  0  0  0 
 41 sto   1   0   1      42   1   5   0  1  2  0  0  0 
 42 lit   2   0   3      43   1   5   0  1  2  0  0  0 
 43 sto   2   0   2      44   1   5   0  1  2  3  0  0 
 44 lit   3   0   4      45   1   5   0  1  2  3  0  0 
 45 sto   3   0   3      46   1   5   0  1  2  3  4  0 
 46 lit   4   0   5      47   1   5   0  1  2  3  4  0 
 47 sto   4   0   4      48   1   5   0  1  2  3  4  5 
 48 lod   5   0   3      49   1   5   0  1  2  3  4  5 
 49 lod   6   0   4      50   1   5   0  1  2  3  4  5 
 50 add   7   5   6      51   1   5   0  1  2  3  4  5 
 51 sto   7   0   0      52   1   5   0  9  2  3  4  5 
 52 lod   0   0   2      53   1   5   0  9  2  3  4  5 
 VM_OP_SIO > REG[0] = 3
 53 sio   0   0   1      54   1   5   0  9  2  3  4  5 
 54 cal   0   0   2       2   6   5   0  9  2  3  4  5 
  2 jmp   0   0   3       3   6   5   0  9  2  3  4  5 
  3 inc   0   0   4       4   6   9   0  9  2  3  4  5 |  0  1  1 55 
  4 inc   0   0   4       5   6  13   0  9  2  3  4  5 |  0  1  1 55  0  0  0  0 
  5 jmp   0   0  30      30   6  13   0  9  2  3  4  5 |  0  1  1 55  0  0  0  0 
 30 lit   4   0   2      31   6  13   0  9  2  3  4  5 |  0  1  1 55  0  0  0  0 
 31 sto   4   1   2      32   6  13   0  9  2  2  4  5 |  0  1  1 55  0  0  0  0 
 32 lod   5   1   2      33   6  13   0  9  2  2  4  5 |  0  1  1 55  0  0  0  0 
 33 lod   6   1   4      34   6  13   0  9  2  2  4  5 |  0  1  1 55  0  0  0  0 
 34 add   7   5   6      35   6  13   0  9  2  2  4  5 |  0  1  1 55  0  0  0  0 
 35 sto   7   0   6      36   6  13   0  9  2  2  4  5 |  0  1  1 55  0  0  7  0 
 36 cal   0   1   6       6  14  13   0  9  2  2  4  5 |  0  1  1 55  0  0  7  0 
  6 jmp   0   0   7       7  14  13   0  9  2  2  4  5 |  0  1  1 55  0  0  7  0 
  7 inc   0   0   4       8  14  17   0  9  2  2  4  5 |  0  1  1 55  0  0  7  0 |  0  1  6 37 
  8 inc   0   0   3       9  14  20   0  9  2  2  4  5 |  0  1  1 55  0  0  7  0 |  0  1  6 37  0  0  0 
  9 jmp   0   0  22      22  14  20   0  9  2  2  4  5 |  0  1  1 55  0  0  7  0 |  0  1  6 37  0  0  0 
 22 lod   7   1   4      23  14  20   0  9  2  2  4  5 |  0  1  1 55  0  0  7  0 |  0  1  6 37  0  0  0 
 23 lod   0   1   6      24  14  20   0  9  2  2  4  5 |  0  1  1 55  0  0  7  0 |  0  1  6 37  0  0  0 
 24 add   1   7   0      25  14  20   0  9  2  2  4  5 |  0  1  1 55  0  0  7  0 |  0  1  6 37  0  0  0 
 25 lod   2   2   4      26  14  20   0  9  2  2  4  5 |  0  1  1 55  0  0  7  0 |  0  1  6 37  0  0  0 
 26 add   3   1   2      27  14  20   0  9  2  2  4  5 |  0  1  1 55  0  0  7  0 |  0  1  6 37  0  0  0 
 27 sto   3   0   4      28  14  20   0  9  2  2  4  5 |  0  1  1 55  0  0  7  0 |  0  1  6 37 11  0  0 
 28 cal   0   2  10      10  21  20   0  9  2  2  4  5 |  0  1  1 55  0  0  7  0 |  0  1  6 37 11  0  0 
 10 jmp   0   0  11      11  21  20   0  9  2  2  4  5 |  0  1  1 55  0  0  7  0 |  0  1  6 37 11  0  0 
 11 inc   0   0   4      12  21  24   0  9  2  2  4  5 |  0  1  1 55  0  0  7  0 |  0  1  6 37 11  0  0 |  0  1 14 29 
 12 inc   0   0   2      13  21  26   0  9  2  2  4  5 |  0  1  1 55  0  0  7  0 |  0  1  6 37 11  0  0 |  0  1 14 29  0  0 
 13 lit   1   0   1      14  21  26   0  9  2  2  4  5 |  0  1  1 55  0  0  7  0 |  0  1  6 37 11  0  0 |  0  1 14 29  0  0 
 14 sto   1   0   5      15  21  26   0  9  2  2  4  5 |  0  1  1 55  0  0  7  0 |  0  1  6 37 11  0  0 |  0  1 14 29  0  1 
 15 lod   2   0   4      16  21  26   0  9  2  2  4  5 |  0  1  1 55  0  0  7  0 |  0  1  6 37 11  0  0 |  0  1 14 29  0  1 
 16 lod   3   0   5      17  21  26   0  9  2  2  4  5 |  0  1  1 55  0  0  7  0 |  0  1  6 37 11  0  0 |  0  1 14 29  0  1 
 17 add   4   2   3      18  21  26   0  9  2  2  4  5 |  0  1  1 55  0  0  7  0 |  0  1  6 37 11  0  0 |  0  1 14 29  0  1 
 18 lod   5   3   4      19  21  26   0  9  2  2  4  5 |  0  1  1 55  0  0  7  0 |  0  1  6 37 11  0  0 |  0  1 14 29  0  1 
 19 add   6   4   5      20  21  26   0  9  2  2  4  5 |  0  1  1 55  0  0  7  0 |  0  1  6 37 11  0  0 |  0  1 14 29  0  1 
 20 sto   6   2   4      21  21  26   0  9  2  2  4  6 |  0  1  1 55  0  0  7  0 |  0  1  6 37 11  0  0 |  0  1 14 29  0  1 
 21 rtn   0   0   0      29  14  20   0  9  2  2  4  6 |  0  1  1 55  0  0  7  0 |  0  1  6 37 11  0  0 
 29 rtn   0   0   0      37   6  13   0  9  2  2  4  6 |  0  1  1 55  0  0  7  0 
 37 rtn   0   0   0      55   1   5   0  9  2  2  4  6 
 55 sio   0   0   3      55   1   5   0  9  2  2  4  6 
VM STATUS: VM has finished
Running test ./program.p
LEXER/PARSER STATUS:scanning and parsing is finished

Lexeme Table:
lexeme		token type
var        		29
x          		 2
;          		18
procedure  		30
add        		 2
;          		18
var        		29
y          		 2
;          		18
begin      		21
y          		 2
:=         		20
x          		 2
+          		 4
5          		 3
;          		18
end        		22
;          		18
procedure  		30
maybesub   		 2
;          		18
var        		29
x          		 2
,          		17
y          		 2
;          		18
begin      		21
x          		 2
:=         		20
x          		 2
-          		 5
y          		 2
;          		18
end        		22
;          		18
procedure  		30
nested     		 2
;          		18
var        		29
y          		 2
;          		18
begin      		21
;          		18
y          		 2
:=         		20
1          		 3
;          		18
while      		25
y          		 2
>          		13
0          		 3
do         		26
begin      		21
call       		27
add        		 2
;          		18
y          		 2
:=         		20
y          		 2
-          		 5
1          		 3
end        		22
end        		22
;          		18
begin      		21
x          		 2
:=         		20
2          		 3
;          		18
call       		27
add        		 2
;          		18
call       		27
maybesub   		 2
;          		18
call       		27
nested     		 2
end        		22
.          		19

Assembly Output
0 inc 0 0 1
1 jmp 0 0 10
2 jmp 0 0 3
3 inc 0 0 4
4 inc 0 0 1
5 lod 1 1 0
6 lit 2 0 5
7 add 3 1 2
8 sto 3 0 4
9 rtn 0 0 0
10 jmp 0 0 19
11 jmp 0 0 12
12 inc 0 0 4
13 inc 0 0 2
14 lod 4 0 4
15 lod 5 0 5
16 sub 6 4 5
17 sto 6 0 4
18 rtn 0 0 0
19 jmp 0 0 36
20 jmp 0 0 21
21 inc 0 0 4
22 inc 0 0 1
23 lit 7 0 1
24 sto 7 0 4
25 lod 0 0 4
26 lit 1 0 0
27 gtr 2 0 1
28 jpc 2 0 35
29 cal 0 1 2
30 lod 3 0 4
31 lit 4 0 1
32 sub 5 3 4
33 sto 5 0 4
34 jmp 0 0 25
35 rtn 0 0 0
36 lit 6 0 2
37 sto 6 0 0
38 cal 0 0 2
39 cal 0 0 11
40 cal 0 0 20
41 sio 0 0 3

GEN STATUS: finished writing to assembly.code
Virtual Machine Trace:
ins  op   r   l   m      pc  bp  sp   stack values
  0 inc   0   0   1       1   1   1   0  0 
  1 jmp   0   0  10      10   1   1   0  0 
 10 jmp   0   0  19      19   1   1   0  0 
 19 jmp   0   0  36      36   1   1   0  0 
 36 lit   6   0   2      37   1   1   0  0 
 37 sto   6   0   0      38   1   1   0  2 
 38 cal   0   0   2       2   2   1   0  2 
  2 jmp   0   0   3       3   2   1   0  2 
  3 inc   0   0   4       4   2   5   0  2 |  0  1  1 39 
  4 inc   0   0   1       5   2   6   0  2 |  0  1  1 39  0 
  5 lod   1   1   0       6   2   6   0  2 |  0  1  1 39  0 
  6 lit   2   0   5       7   2   6   0  2 |  0  1  1 39  0 
  7 add   3   1   2       8   2   6   0  2 |  0  1  1 39  0 
  8 sto   3   0   4       9   2   6   0  2 |  0  1  1 39  7 
  9 rtn   0   0   0      39   1   1   0  2 
 39 cal   0   0  11      11   2   1   0  2 
 11 jmp   0   0  12      12   2   1   0  2 
 12 inc   0   0   4      13   2   5   0  2 |  0  1  1 40 
 13 inc   0   0   2      14   2   7   0  2 |  0  1  1 40  0  0 
 14 lod   4   0   4      15   2   7   0  2 |  0  1  1 40  0  0 
 15 lod   5   0   5      16   2   7   0  2 |  0  1  1 40  0  0 
 16 sub   6   4   5      17   2   7   0  2 |  0  1  1 40  0  0 
 17 sto   6   0   4      18   2   7   0  2 |  0  1  1 40  0  0 
 18 rtn   0   0   0      40   1   1   0  2 
 40 cal   0   0  20      20   2   1   0  2 
 20 jmp   0   0  21      21   2   1   0  2 
 21 inc   0   0   4      22   2   5   0  2 |  0  1  1 41 
 22 inc   0   0   1      23   2   6   0  2 |  0  1  1 41  0 
 23 lit   7   0   1      24   2   6   0  2 |  0  1  1 41  0 
 24 sto   7   0   4      25   2   6   0  2 |  0  1  1 41  1 
 25 lod   0   0   4      26   2   6   0  2 |  0  1  1 41  1 
 26 lit   1   0   0      27   2   6   0  2 |  0  1  1 41  1 
 27 gtr   2   0   1      28   2   6   0  2 |  0  1  1 41  1 
 28 jpc   2   0  35      29   2   6   0  2 |  0  1  1 41  1 
 29 cal   0   1   2       2   7   6   0  2 |  0  1  1 41  1 
  2 jmp   0   0   3       3   7   6   0  2 |  0  1  1 41  1 
  3 inc   0   0   4       4   7  10   0  2 |  0  1  1 41  1 |  0  1  2 30 
  4 inc   0   0   1       5   7  11   0  2 |  0  1  1 41  1 |  0  1  2 30  0 
  5 lod   1   1   0       6   7  11   0  2 |  0  1  1 41  1 |  0  1  2 30  0 
  6 lit   2   0   5       7   7  11   0  2 |  0  1  1 41  1 |  0  1  2 30  0 
  7 add   3   1   2       8   7  11   0  2 |  0  1  1 41  1 |  0  1  2 30  0 
  8 sto   3   0   4       9   7  11   0  2 |  0  1  1 41  1 |  0  1  2 30  7 
  9 rtn   0   0   0      30   2   6   0  2 |  0  1  1 41  1 
 30 lod   3   0   4      31   2   6   0  2 |  0  1  1 41  1 
 31 lit   4   0   1      32   2   6   0  2 |  0  1  1 41  1 
 32 sub   5   3   4      33   2   6   0  2 |  0  1  1 41  1 
 33 sto   5   0   4      34   2   6   0  2 |  0  1  1 41  0 
 34 jmp   0   0  25      25   2   6   0  2 |  0  1  1 41  0 
 25 lod   0   0   4      26   2   6   0  2 |  0  1  1 41  0 
 26 lit   1   0   0      27   2   6   0  2 |  0  1  1 41  0 
 27 gtr   2   0   1      28   2   6   0  2 |  0  1  1 41  0 
 28 jpc   2   0  35      35   2   6   0  2 |  0  1  1 41  0 
 35 rtn   0   0   0      41   1   1   0  2 
 41 sio   0   0   3      41   1   1   0  2 
VM STATUS: VM has finished
