LEXER/PARSER STATUS:scanning and parsing is finished

Lexeme Table:
lexeme		token type
const      		28
foo        		 2
=          		 9
11         		 3
,          		17
lol        		 2
=          		 9
12         		 3
;          		18
var        		29
x          		 2
,          		17
y          		 2
;          		18
begin      		21
y          		 2
:=         		20
100        		 3
;          		18
x          		 2
:=         		20
10         		 3
;          		18
while      		25
x          		 2
<          		11
y          		 2
do         		26
x          		 2
:=         		20
x          		 2
*          		 6
2          		 3
;          		18
if         		23
y          		 2
=          		 9
100        		 3
then       		24
y          		 2
:=         		20
y          		 2
+          		 4
lol        		 2
;          		18
if         		23
odd        		 8
y          		 2
then       		24
x          		 2
:=         		20
x          		 2
+          		 4
foo        		 2
;          		18
end        		22
.          		19

Assembly Output
inc 0 0 1
lit 0 0 11
sto 0 0 0
inc 0 0 1
lit 0 0 12
sto 0 0 1
inc 0 0 2
lit 1 0 100
sto 1 0 3
lit 2 0 10
sto 2 0 2
lod 3 0 2
lod 4 0 3
lss 5 3 4
jpc 5 0 20
lod 6 0 2
lit 7 0 2
mul 0 6 7
sto 0 0 2
jmp 0 0 11
lod 1 0 3
lit 2 0 100
eql 3 1 2
jpc 3 0 28
lod 4 0 3
lod 5 0 1
add 6 4 5
sto 6 0 3
lod 7 0 3
lit 0 0 2
mod 1 7 0
jpc 1 0 36
lod 2 0 2
lod 3 0 0
add 4 2 3
sto 4 0 2
sio 0 0 3

GEN STATUS: finished writing to assembly.code
Virtual Machine Trace:
ins  op   r   l   m      pc  bp  sp   stack values
  0 inc   0   0   1       1   1   1   0  0 
  1 lit   0   0  11       2   1   1   0  0 
  2 sto   0   0   0       3   1   1   0 11 
  3 inc   0   0   1       4   1   2   0 11  0 
  4 lit   0   0  12       5   1   2   0 11  0 
  5 sto   0   0   1       6   1   2   0 11 12 
  6 inc   0   0   2       7   1   4   0 11 12  0  0 
  7 lit   1   0  100       8   1   4   0 11 12  0  0 
  8 sto   1   0   3       9   1   4   0 11 12  0 100 
  9 lit   2   0  10      10   1   4   0 11 12  0 100 
 10 sto   2   0   2      11   1   4   0 11 12 10 100 
 11 lod   3   0   2      12   1   4   0 11 12 10 100 
 12 lod   4   0   3      13   1   4   0 11 12 10 100 
 13 lss   5   3   4      14   1   4   0 11 12 10 100 
 14 jpc   5   0  20      15   1   4   0 11 12 10 100 
 15 lod   6   0   2      16   1   4   0 11 12 10 100 
 16 lit   7   0   2      17   1   4   0 11 12 10 100 
 17 mul   0   6   7      18   1   4   0 11 12 10 100 
 18 sto   0   0   2      19   1   4   0 11 12 20 100 
 19 jmp   0   0  11      11   1   4   0 11 12 20 100 
 11 lod   3   0   2      12   1   4   0 11 12 20 100 
 12 lod   4   0   3      13   1   4   0 11 12 20 100 
 13 lss   5   3   4      14   1   4   0 11 12 20 100 
 14 jpc   5   0  20      15   1   4   0 11 12 20 100 
 15 lod   6   0   2      16   1   4   0 11 12 20 100 
 16 lit   7   0   2      17   1   4   0 11 12 20 100 
 17 mul   0   6   7      18   1   4   0 11 12 20 100 
 18 sto   0   0   2      19   1   4   0 11 12 40 100 
 19 jmp   0   0  11      11   1   4   0 11 12 40 100 
 11 lod   3   0   2      12   1   4   0 11 12 40 100 
 12 lod   4   0   3      13   1   4   0 11 12 40 100 
 13 lss   5   3   4      14   1   4   0 11 12 40 100 
 14 jpc   5   0  20      15   1   4   0 11 12 40 100 
 15 lod   6   0   2      16   1   4   0 11 12 40 100 
 16 lit   7   0   2      17   1   4   0 11 12 40 100 
 17 mul   0   6   7      18   1   4   0 11 12 40 100 
 18 sto   0   0   2      19   1   4   0 11 12 80 100 
 19 jmp   0   0  11      11   1   4   0 11 12 80 100 
 11 lod   3   0   2      12   1   4   0 11 12 80 100 
 12 lod   4   0   3      13   1   4   0 11 12 80 100 
 13 lss   5   3   4      14   1   4   0 11 12 80 100 
 14 jpc   5   0  20      15   1   4   0 11 12 80 100 
 15 lod   6   0   2      16   1   4   0 11 12 80 100 
 16 lit   7   0   2      17   1   4   0 11 12 80 100 
 17 mul   0   6   7      18   1   4   0 11 12 80 100 
 18 sto   0   0   2      19   1   4   0 11 12 160 100 
 19 jmp   0   0  11      11   1   4   0 11 12 160 100 
 11 lod   3   0   2      12   1   4   0 11 12 160 100 
 12 lod   4   0   3      13   1   4   0 11 12 160 100 
 13 lss   5   3   4      14   1   4   0 11 12 160 100 
 14 jpc   5   0  20      20   1   4   0 11 12 160 100 
 20 lod   1   0   3      21   1   4   0 11 12 160 100 
 21 lit   2   0  100      22   1   4   0 11 12 160 100 
 22 eql   3   1   2      23   1   4   0 11 12 160 100 
 23 jpc   3   0  28      24   1   4   0 11 12 160 100 
 24 lod   4   0   3      25   1   4   0 11 12 160 100 
 25 lod   5   0   1      26   1   4   0 11 12 160 100 
 26 add   6   4   5      27   1   4   0 11 12 160 100 
 27 sto   6   0   3      28   1   4   0 11 12 160 112 
 28 lod   7   0   3      29   1   4   0 11 12 160 112 
 29 lit   0   0   2      30   1   4   0 11 12 160 112 
 30 mod   1   7   0      31   1   4   0 11 12 160 112 
 31 jpc   1   0  36      36   1   4   0 11 12 160 112 
 36 sio   0   0   3      36   1   4   0 11 12 160 112 
VM STATUS: VM has finished
